Number of examples:
480
Indices of the examples:
197
390
562
222
212
517
67
403
41
437
223
30
82
357
173
113
534
125
16
513
43
249
438
557
389
451
232
599
202
566
462
276
155
394
356
340
331
137
268
543
171
19
138
7
521
185
243
66
254
373
577
494
14
152
318
191
569
398
409
15
53
401
148
1
596
306
255
168
170
165
574
592
573
277
537
140
164
257
213
146
33
500
579
195
565
27
5
246
487
370
294
385
472
299
174
290
380
430
556
491
49
580
359
345
263
189
91
179
207
367
26
526
582
134
559
270
109
421
52
142
240
564
262
287
571
145
523
482
169
269
216
456
497
503
441
474
274
347
81
407
122
60
39
178
83
341
453
56
121
285
499
13
224
182
230
316
239
524
455
470
346
522
136
76
538
247
423
147
105
184
176
483
129
311
0
250
378
593
251
144
297
496
153
296
40
80
181
65
459
490
555
258
126
8
211
379
198
291
343
410
114
177
100
338
386
132
466
344
384
516
102
432
411
533
128
88
576
78
89
32
86
57
119
585
112
333
252
434
374
236
31
376
192
313
485
408
256
219
133
293
590
85
228
461
366
415
103
210
214
304
535
92
46
586
167
68
215
364
10
264
502
320
545
416
2
551
449
445
417
339
139
69
149
229
248
489
141
111
464
328
425
175
303
493
361
505
4
413
34
419
558
442
288
541
233
196
11
519
225
404
186
342
469
317
187
58
429
284
99
471
368
336
180
362
598
428
452
568
62
509
55
265
476
501
217
322
355
12
584
37
98
127
395
301
402
589
273
70
183
418
266
45
507
63
335
392
550
561
433
406
298
326
387
106
372
24
518
305
475
47
435
172
567
124
444
484
286
161
242
552
29
332
397
354
282
190
200
261
549
570
54
365
323
271
151
473
563
244
467
25
209
348
292
48
463
61
18
20
588
575
94
439
454
158
424
64
3
436
324
154
587
234
131
532
363
307
478
383
495
396
548
337
377
38
208
581
289
220
528
79
393
50
218
391
279
546
237
450
203
23
529
352
498
51
302
75
115
245
118
241
506
479
275
512
426
162
414
9
412
90
583
72
531
375
235
123
253
204
314
542
77
511
468
514
156
448
446
35
150
117
